# employee file format: ID(int), First Name (String), Last Name (String), Deduct Rate (double), Full Time (boolean), Wages
469750 0.8592017517404321 0.4525044988284216 0.4261890426244507 1 32868.34243520847
157763 0.23569963213527778 0.012807028948563559 0.15827175421280082 0 14.836772340308263 2.0656461986244063 42.057442249946625
266938 0.942403129038935 0.7854897979672102 0.0888943672678284 0 2.6414060954220346 37.868143241548026 46.230779372326786
686105 0.21240637375022875 0.9785364435782787 0.8497795999081912 1 61419.59890628202
49577 0.027394856664774148 0.31531880637019405 0.4986934950661479 0 11.740102852323158 22.317382930642214 30.455147904399876
45288 0.08039864673981079 0.01949189235972082 0.2852918264352283 0 10.080596782427822 37.87597867397712 28.713020552201257
31943 0.527344744346599 0.7042114351806477 0.6631938117108569 0 1.0059913732867307 44.830732672916945 10.581824700953641
93822 0.0642792836954017 0.3308148659019541 0.4814789417205012 0 15.958613575298562 60.18847272401676 1.063877668342382
635620 0.5611713414383389 0.6852832315387771 0.2388917260531419 1 17905.499060325692
476103 0.5685910730187633 0.17193187453345427 0.8131614443724731 1 14882.393343598027
186126 0.12355418111830385 0.8616683576877359 0.8761215186909763 0 9.478359068274186 10.454988844347184 6.416770963019342
0 a aaa 0.2 1 120000.0
539983 0.5947343528774272 0.814523240429501 0.05828794922688074 1 68260.01637524152
119056 0.11631665976975147 0.5425281458475089 0.6219027965298266 0 15.670530715360364 60.83423711986676 1.2288114832205594
347473 0.7743607798739968 0.9571552714184611 0.9487570697726453 0 10.344137730197447 49.75927800802598 26.75936866571867
350522 0.9848930716448041 0.6145437038282082 0.8793220513279589 0 4.371995027932245 62.90148571272447 32.314060407434624
665375 0.10910067477474616 0.6753153377411264 0.7536500865518668 1 41734.86620281927
660417 0.2577544532415448 0.4451447687473511 0.6056022050861226 1 26080.009404055967
250760 0.12627123792790096 0.10034826412702069 0.3008580300200977 0 5.599282221109691 60.43807974860214 26.96978992729036
638720 0.4887530011875223 0.5461655895109778 0.06944821326798223 1 74924.0815805863
1 b bbb 0.0 0 15.0 20.0 25.0
