# employee file format: ID(int), First Name (String), Last Name (String), Deduct Rate (double), Full Time (boolean), Wages
634249 0.23695737222196633 0.42793949389761365 0.7246800455334594 1 54438.99530799527
86072 0.12181021966118599 0.3772551347261841 0.25359790859459275 0 8.093579641001 41.209187824921884 3.4271833286159215
698964 0.9125237870135009 0.8024675303201095 0.8983206162294166 1 10409.538936311055
492250 0.9928528512918221 0.5437927261905641 0.9643423956963405 1 19912.401574533462
618182 0.19969367689259077 0.2090173839641304 0.7725966860445325 1 75270.3012542982
703108 0.21575030493162706 0.8849834870171714 0.6262225474534753 1 39468.48464816038
648092 0.42108374078692423 0.6108675711508165 0.8205979843797956 1 64499.136623414845
172962 0.7869939258069817 0.8097632277727083 0.9348735590865809 0 7.181075105294935 49.05837013871368 29.494685968536732
220998 0.5387520297136519 0.02251204169444687 0.42665606086224284 0 3.048133897591281 46.454531864189974 27.730495631204235
227076 0.9312965188159955 0.8310889274371435 0.8861854328444633 0 12.484638446828281 19.679869155508975 23.76026998327212
143535 0.4415308377620055 0.11421775497011921 0.27398809743340613 0 6.8030913065224805 41.717144194933 0.34764732078749716
420622 0.7828155850519289 0.6370901409024943 0.5314823994393557 1 72770.25725866001
508161 0.6808342091620598 0.023487008560713396 0.7555112780711367 1 16827.722705850443
90912 0.8616128991983629 0.6010724499178908 0.16184057199714008 0 4.688792120374182 40.600402334677646 44.30860004554018
54537 0.4565986428183657 0.5559252413519933 0.5044881777454038 0 7.990414922386942 45.02665773939277 4.978307857609625
264924 0.011891298070414003 0.303143938449951 0.0865918191680839 0 8.802542867568283 21.59344488634851 7.16208155269231
769237 0.48542429987187696 0.691043719179761 0.35532406323083 1 3146.617688611398
12762 0.976517403308391 0.7286594121428132 0.18797987951743766 0 13.224761564057937 5.288351492336341 44.289810085071565
603897 0.4432841588271743 0.5056356061501223 0.12528371401664162 1 35918.57829860792
331668 0.6365895313742548 0.5826680537879478 0.24449543491757186 0 10.70161839468046 22.20435445390448 14.301110698099194
